1 241
2 255
3 0
4 0
5 0
6 0
7 3
8 0
9 241
10 255
11 253
12 255
13 241
14 255
15 0
16 0
17 241
18 255
19 0
20 0
21 241
22 255
23 0
24 0
25 241
26 255
27 3
28 0
29 15
30 0
31 253
32 255
33 15
34 0
35 0
36 0
37 15
38 0
39 0
40 0
41 0
42 0
43 0
44 0
45 15
46 0
47 3
48 0
49 0
50 0
51 253
52 255
53 0
54 0
55 253
56 255
57 0
58 0
59 7
60 0
61 0
62 0
63 0
64 0
65 15
66 0
67 253
68 255
69 31
70 0
71 0
72 0
73 31
74 0
75 3
76 0
77 47
78 0
79 253
80 255
81 15
82 0
83 0
84 0
85 0
86 0
87 0
88 0
89 241
90 255
91 0
92 0
93 241
94 255
95 3
96 0
97 241
98 255
99 0
100 0
101 0
102 0
103 0
104 0
105 0
106 0
107 0
108 0
109 0
110 0
111 3
112 0
113 15
114 0
115 0
116 0
117 0
118 0
119 249
120 255
121 241
122 255
123 3
124 0
125 241
126 255
127 0
128 0
129 241
130 255
131 253
132 255
133 225
134 255
135 3
136 0
137 225
138 255
139 253
140 255
141 209
142 255
143 3
144 0
145 225
146 255
147 0
148 0
149 241
150 255
151 253
152 255
153 0
154 0
155 3
156 0
157 15
158 0
159 0
160 0
161 31
162 0
163 0
164 0
165 15
166 0
167 0
168 0
169 0
170 0
171 3
172 0
173 15
174 0
175 253
176 255
177 0
178 0
179 0
180 0
181 0
182 0
183 3
184 0
185 15
186 0
187 0
188 0
189 31
190 0
191 249
192 255
193 0
194 0
195 0
196 0
197 15
198 0
199 0
200 0
201 0
202 0
203 0
204 0
205 0
206 0
207 0
208 0
209 0
210 0
211 0
212 0
213 0
214 0
215 0
216 0
217 15
218 0
219 0
220 0
221 0
222 0
223 0
224 0
225 0
226 0
227 0
228 0
229 241
230 255
231 0
232 0
233 225
234 255
235 0
236 0
237 225
238 255
239 3
240 0
241 225
242 255
243 249
244 255
245 241
246 255
247 0
248 0
249 241
250 255
251 3
252 0
253 0
254 0
255 253
256 255
257 15
258 0
259 0
260 0
261 15
262 0
263 3
264 0
265 15
266 0
267 253
268 255
269 15
270 0
271 0
272 0
273 15
274 0
275 0
276 0
277 15
278 0
279 0
280 0
281 15
282 0
283 3
284 0
285 0
286 0
287 253
288 255
289 15
290 0
291 3
292 0
293 0
294 0
295 0
296 0
297 0
298 0
299 0
300 0
301 15
302 0
303 3
304 0
305 15
306 0
307 0
308 0
309 15
310 0
311 0
312 0
313 31
314 0
315 253
316 255
317 47
318 0
319 0
320 0
321 31
322 0
323 0
324 0
325 15
326 0
327 253
328 255
329 0
330 0
331 0
332 0
333 241
334 255
335 0
336 0
337 241
338 255
339 3
340 0
341 241
342 255
343 0
344 0
345 0
346 0
347 253
348 255
349 15
350 0
351 0
352 0
353 31
354 0
355 0
356 0
357 31
358 0
359 3
360 0
361 47
362 0
363 3
364 0
365 31
366 0
367 0
368 0
369 31
370 0
371 253
372 255
373 0
374 0
375 0
376 0
377 241
378 255
379 7
380 0
381 241
382 255
383 253
384 255
385 241
386 255
387 0
388 0
389 225
390 255
391 0
392 0
393 0
394 0
395 0
396 0
397 0
398 0
399 3
400 0
401 0
402 0
403 253
404 255
405 0
406 0
407 3
408 0
409 15
410 0
411 0
412 0
413 15
414 0
415 0
416 0
417 15
418 0
419 253
420 255
421 0
422 0
423 0
424 0
425 0
426 0
427 0
428 0
429 241
430 255
431 0
432 0
433 15
434 0
435 3
436 0
437 241
438 255
439 0
440 0
441 15
442 0
443 249
444 255
445 0
446 0
447 3
448 0
449 0
450 0
451 253
452 255
453 0
454 0
455 3
456 0
457 15
458 0
459 253
460 255
461 15
462 0
463 3
464 0
465 47
466 0
467 0
468 0
469 31
470 0
471 0
472 0
473 47
474 0
475 0
476 0
477 15
478 0
479 0
480 0
481 15
482 0
483 0
484 0
485 0
486 0
487 253
488 255
489 0
490 0
491 0
492 0
493 0
494 0
495 0
496 0
497 0
498 0
499 3
500 0
501 0
502 0
503 0
504 0
505 0
506 0
507 253
508 255
509 0
510 0
511 3
512 0
513 0
514 0
515 3
516 0
517 15
518 0
519 253
520 255
521 31
522 0
523 0
524 0
525 15
526 0
527 0
528 0
529 15
530 0
531 0
532 0
533 241
534 255
535 3
536 0
537 241
538 255
539 0
540 0
541 225
542 255
543 253
544 255
545 225
546 255
547 3
548 0
549 225
550 255
551 0
552 0
553 225
554 255
555 0
556 0
557 241
558 255
559 0
560 0
561 0
562 0
563 0
564 0
565 0
566 0
567 0
568 0
569 0
570 0
571 253
572 255
573 0
574 0
575 3
576 0
577 241
578 255
579 253
580 255
581 0
582 0
583 0
584 0
585 0
586 0
587 3
588 0
589 0
590 0
591 253
592 255
593 241
594 255
595 0
596 0
597 241
598 255
599 0
600 0
601 241
602 255
603 3
604 0
605 15
606 0
607 253
608 255
609 31
610 0
611 253
612 255
613 31
614 0
615 3
616 0
617 31
618 0
619 253
620 255
621 31
622 0
623 253
624 255
625 31
626 0
627 3
628 0
629 31
630 0
631 0
632 0
633 31
634 0
635 3
636 0
637 15
638 0
639 253
640 255
641 47
642 0
643 3
644 0
645 47
646 0
647 0
648 0
649 31
650 0
651 0
652 0
653 15
654 0
655 0
656 0
657 0
658 0
659 249
660 255
661 0
662 0
663 3
664 0
665 15
666 0
667 3
668 0
669 0
670 0
671 0
672 0
673 0
674 0
675 253
676 255
677 0
678 0
679 0
680 0
681 0
682 0
683 0
684 0
685 0
686 0
687 253
688 255
689 241
690 255
691 3
692 0
693 0
694 0
695 0
696 0
697 0
698 0
699 253
700 255
701 241
702 255
703 0
704 0
705 15
706 0
707 0
708 0
709 15
710 0
711 3
712 0
713 15
714 0
715 0
716 0
717 15
718 0
719 0
720 0
721 15
722 0
723 0
724 0
725 31
726 0
727 253
728 255
729 31
730 0
731 0
732 0
733 31
734 0
735 3
736 0
737 31
738 0
739 0
740 0
741 15
742 0
743 3
744 0
745 15
746 0
747 249
748 255
749 15
750 0
751 3
752 0
753 15
754 0
755 0
756 0
757 31
758 0
759 0
760 0
761 31
762 0
763 0
764 0
765 15
766 0
767 0
768 0
769 15
770 0
771 0
772 0
773 0
774 0
775 3
776 0
777 31
778 0
779 249
780 255
781 15
782 0
783 3
784 0
785 0
786 0
787 0
788 0
789 15
790 0
791 253
792 255
793 0
794 0
795 253
796 255
797 0
798 0
799 3
800 0
801 0
802 0
803 3
804 0
805 0
806 0
807 253
808 255
809 241
810 255
811 0
812 0
813 241
814 255
815 253
816 255
817 241
818 255
819 0
820 0
821 241
822 255
823 3
824 0
825 241
826 255
827 3
828 0
829 0
830 0
831 0
832 0
833 241
834 255
835 0
836 0
837 241
838 255
839 0
840 0
841 241
842 255
843 0
844 0
845 225
846 255
847 0
848 0
849 0
850 0
851 253
852 255
853 241
854 255
855 0
856 0
857 241
858 255
859 3
860 0
861 0
862 0
863 0
864 0
865 241
866 255
867 253
868 255
869 241
870 255
871 3
872 0
873 241
874 255
875 0
876 0
877 241
878 255
879 0
880 0
881 15
882 0
883 253
884 255
885 15
886 0
887 253
888 255
889 15
890 0
891 7
892 0
893 0
894 0
895 253
896 255
897 0
898 0
899 3
900 0
901 0
902 0
903 0
904 0
905 0
906 0
907 0
908 0
909 0
910 0
911 253
912 255
913 241
914 255
915 3
916 0
917 241
918 255
919 253
920 255
921 225
922 255
923 0
924 0
925 241
926 255
927 3
928 0
929 225
930 255
931 0
932 0
933 225
934 255
935 253
936 255
937 241
938 255
939 0
940 0
941 241
942 255
943 3
944 0
945 241
946 255
947 253
948 255
949 0
950 0
951 0
952 0
953 0
954 0
955 253
956 255
957 241
958 255
959 0
960 0
961 209
962 255
963 3
964 0
965 225
966 255
967 253
968 255
969 0
970 0
971 0
972 0
973 241
974 255
975 0
976 0
977 0
978 0
979 0
980 0
981 0
982 0
983 253
984 255
985 0
986 0
987 3
988 0
989 15
990 0
991 253
992 255
993 241
994 255
995 0
996 0
997 0
998 0
999 253
1000 255
1001 225
1002 255
1003 0
1004 0
1005 241
1006 255
1007 3
1008 0
1009 15
1010 0
1011 3
1012 0
1013 0
1014 0
1015 249
1016 255
1017 0
1018 0
1019 0
1020 0
1021 0
1022 0
1023 3
1024 0
1025 241
1026 255
1027 0
1028 0
1029 15
1030 0
1031 0
1032 0
1033 15
1034 0
1035 0
1036 0
1037 15
1038 0
1039 0
1040 0
1041 47
1042 0
1043 253
1044 255
1045 31
1046 0
1047 0
1048 0
1049 15
1050 0
1051 0
1052 0
1053 15
1054 0
1055 0
1056 0
1057 0
1058 0
1059 3
1060 0
1061 0
1062 0
1063 253
1064 255
1065 31
1066 0
1067 0
1068 0
1069 31
1070 0
1071 3
1072 0
1073 63
1074 0
1075 0
1076 0
1077 47
1078 0
1079 253
1080 255
1081 31
1082 0
1083 0
1084 0
1085 31
1086 0
1087 0
1088 0
1089 47
1090 0
1091 253
1092 255
1093 47
1094 0
1095 3
1096 0
1097 31
1098 0
1099 249
1100 255
1101 31
1102 0
1103 3
1104 0
1105 31
1106 0
1107 253
1108 255
1109 15
1110 0
1111 0
1112 0
1113 225
1114 255
1115 253
1116 255
1117 225
1118 255
1119 0
1120 0
1121 209
1122 255
1123 253
1124 255
1125 241
1126 255
1127 0
1128 0
1129 0
1130 0
1131 0
1132 0
1133 15
1134 0
1135 3
1136 0
1137 47
1138 0
1139 253
1140 255
1141 31
1142 0
1143 0
1144 0
1145 31
1146 0
1147 0
1148 0
1149 15
1150 0
1151 0
1152 0
1153 15
1154 0
1155 3
1156 0
1157 0
1158 0
1159 0
1160 0
1161 15
1162 0
1163 0
1164 0
1165 15
1166 0
1167 0
1168 0
1169 0
1170 0
1171 0
1172 0
1173 15
1174 0
1175 0
1176 0
1177 15
1178 0
1179 3
1180 0
1181 0
1182 0
1183 253
1184 255
1185 0
1186 0
1187 3
1188 0
1189 47
1190 0
1191 0
1192 0
1193 47
1194 0
1195 253
1196 255
1197 47
1198 0
1199 253
1200 255
1201 31
1202 0
1203 7
1204 0
1205 31
1206 0
1207 253
1208 255
1209 0
1210 0
1211 0
1212 0
1213 15
1214 0
1215 0
1216 0
1217 31
1218 0
1219 0
1220 0
1221 15
1222 0
1223 0
1224 0
1225 15
1226 0
1227 3
1228 0
1229 31
1230 0
1231 0
1232 0
1233 15
1234 0
1235 253
1236 255
1237 31
1238 0
1239 0
1240 0
1241 15
1242 0
1243 253
1244 255
1245 31
1246 0
1247 3
1248 0
1249 15
1250 0
1251 253
1252 255
1253 31
1254 0
1255 0
1256 0
1257 0
1258 0
1259 0
1260 0
1261 0
1262 0
1263 253
1264 255
1265 0
1266 0
1267 0
1268 0
1269 241
1270 255
1271 0
1272 0
1273 225
1274 255
1275 0
1276 0
1277 241
1278 255
1279 0
1280 0
1281 241
1282 255
1283 0
1284 0
1285 241
1286 255
1287 253
1288 255
1289 0
1290 0
1291 0
1292 0
1293 0
1294 0
1295 3
1296 0
1297 0
1298 0
1299 0
1300 0
1301 0
1302 0
1303 0
1304 0
1305 0
1306 0
1307 0
1308 0
1309 0
1310 0
1311 253
1312 255
1313 0
1314 0
1315 3
1316 0
1317 0
1318 0
1319 253
1320 255
1321 15
1322 0
1323 0
1324 0
1325 15
1326 0
1327 3
1328 0
1329 15
1330 0
1331 0
1332 0
1333 31
1334 0
1335 0
1336 0
1337 31
1338 0
1339 0
1340 0
1341 31
1342 0
1343 3
1344 0
1345 47
1346 0
1347 253
1348 255
1349 31
1350 0
1351 0
1352 0
1353 15
1354 0
1355 0
1356 0
1357 0
1358 0
1359 0
1360 0
1361 0
1362 0
1363 0
1364 0
1365 0
1366 0
1367 0
1368 0
1369 241
1370 255
1371 0
1372 0
1373 0
1374 0
1375 0
1376 0
1377 0
1378 0
1379 0
1380 0
1381 15
1382 0
1383 0
1384 0
1385 15
1386 0
1387 253
1388 255
1389 15
1390 0
1391 0
1392 0
1393 15
1394 0
1395 3
1396 0
1397 0
1398 0
1399 0
1400 0
1401 0
1402 0
1403 3
1404 0
1405 0
1406 0
1407 253
1408 255
1409 0
1410 0
1411 0
1412 0
1413 0
1414 0
1415 0
1416 0
1417 241
1418 255
1419 0
1420 0
1421 241
1422 255
1423 7
1424 0
1425 241
1426 255
1427 253
1428 255
1429 241
1430 255
1431 3
1432 0
1433 241
1434 255
1435 0
1436 0
1437 241
1438 255
1439 0
1440 0
1441 241
1442 255
1443 249
1444 255
1445 241
1446 255
1447 3
1448 0
1449 0
1450 0
1451 0
1452 0
1453 241
1454 255
1455 0
1456 0
1457 241
1458 255
1459 253
1460 255
1461 241
1462 255
1463 253
1464 255
1465 241
1466 255
1467 3
1468 0
1469 241
1470 255
1471 253
1472 255
1473 0
1474 0
1475 3
1476 0
1477 15
1478 0
1479 0
1480 0
1481 31
1482 0
1483 0
1484 0
1485 15
1486 0
1487 0
1488 0
1489 0
1490 0
1491 253
1492 255
1493 15
1494 0
1495 0
1496 0
1497 15
1498 0
1499 3
1500 0
1501 15
1502 0
1503 253
1504 255
1505 0
1506 0
1507 7
1508 0
1509 15
1510 0
1511 253
1512 255
1513 15
1514 0
1515 3
1516 0
1517 0
1518 0
1519 253
1520 255
1521 0
1522 0
1523 3
1524 0
1525 0
1526 0
1527 249
1528 255
1529 0
1530 0
1531 3
1532 0
1533 241
1534 255
1535 253
1536 255
1537 0
1538 0
1539 3
1540 0
1541 241
1542 255
1543 0
1544 0
1545 225
1546 255
1547 0
1548 0
1549 241
1550 255
1551 249
1552 255
1553 225
1554 255
1555 7
1556 0
1557 225
1558 255
1559 253
1560 255
1561 209
1562 255
1563 3
1564 0
1565 225
1566 255
1567 0
1568 0
1569 225
1570 255
1571 0
1572 0
1573 225
1574 255
1575 0
1576 0
1577 225
1578 255
1579 0
1580 0
1581 225
1582 255
1583 0
1584 0
1585 0
1586 0
1587 0
1588 0
1589 0
1590 0
1591 0
1592 0
1593 15
1594 0
1595 3
1596 0
1597 15
1598 0
1599 0
1600 0
1601 0
1602 0
1603 0
1604 0
1605 0
1606 0
1607 0
1608 0
1609 0
1610 0
1611 253
1612 255
1613 15
1614 0
1615 3
1616 0
1617 15
1618 0
1619 0
1620 0
1621 15
1622 0
1623 0
1624 0
1625 31
1626 0
1627 0
1628 0
1629 31
1630 0
1631 253
1632 255
1633 31
1634 0
1635 3
1636 0
1637 31
1638 0
1639 253
1640 255
1641 31
1642 0
1643 0
1644 0
1645 15
1646 0
1647 0
1648 0
1649 31
1650 0
1651 3
1652 0
1653 31
1654 0
1655 0
1656 0
1657 31
1658 0
1659 3
1660 0
1661 15
1662 0
1663 0
1664 0
1665 31
1666 0
1667 253
1668 255
1669 15
1670 0
1671 0
1672 0
1673 31
1674 0
1675 253
1676 255
1677 0
1678 0
1679 7
1680 0
1681 15
1682 0
1683 0
1684 0
1685 15
1686 0
1687 0
1688 0
1689 15
1690 0
1691 253
1692 255
1693 15
1694 0
1695 0
1696 0
1697 31
1698 0
1699 0
1700 0
1701 15
1702 0
1703 0
1704 0
1705 15
1706 0
1707 253
1708 255
1709 15
1710 0
1711 7
1712 0
1713 0
1714 0
1715 253
1716 255
1717 0
1718 0
1719 0
1720 0
1721 31
1722 0
1723 3
1724 0
1725 0
1726 0
1727 0
1728 0
1729 0
1730 0
1731 0
1732 0
1733 15
1734 0
1735 253
1736 255
1737 15
1738 0
1739 3
1740 0
1741 15
1742 0
1743 0
1744 0
1745 31
1746 0
1747 253
1748 255
1749 31
1750 0
1751 3
1752 0
1753 47
1754 0
1755 253
1756 255
1757 47
1758 0
1759 3
1760 0
1761 47
1762 0
1763 253
1764 255
1765 47
1766 0
1767 3
1768 0
1769 47
1770 0
1771 253
1772 255
1773 63
1774 0
1775 0
1776 0
1777 31
1778 0
1779 0
1780 0
1781 31
1782 0
1783 0
1784 0
1785 31
1786 0
1787 0
1788 0
1789 15
1790 0
1791 0
1792 0
1793 0
1794 0
1795 0
1796 0
1797 31
1798 0
1799 0
1800 0
1801 15
1802 0
1803 3
1804 0
1805 31
1806 0
1807 253
1808 255
1809 31
1810 0
1811 0
1812 0
1813 15
1814 0
1815 3
1816 0
1817 15
1818 0
1819 253
1820 255
1821 0
1822 0
1823 253
1824 255
1825 0
1826 0
1827 3
1828 0
1829 0
1830 0
1831 0
1832 0
1833 0
1834 0
1835 253
1836 255
1837 0
1838 0
1839 0
1840 0
1841 0
1842 0
1843 0
1844 0
1845 0
1846 0
1847 3
1848 0
1849 0
1850 0
1851 253
1852 255
1853 0
1854 0
1855 3
1856 0
1857 0
1858 0
1859 0
1860 0
1861 15
1862 0
1863 0
1864 0
1865 15
1866 0
1867 0
1868 0
1869 0
1870 0
1871 3
1872 0
1873 15
1874 0
1875 0
1876 0
1877 241
1878 255
1879 253
1880 255
1881 241
1882 255
1883 0
1884 0
1885 241
1886 255
1887 3
1888 0
1889 225
1890 255
1891 253
1892 255
1893 0
1894 0
1895 0
1896 0
1897 241
1898 255
1899 0
1900 0
1901 0
1902 0
1903 253
1904 255
1905 0
1906 0
1907 3
1908 0
1909 0
1910 0
1911 0
1912 0
1913 0
1914 0
1915 0
1916 0
1917 15
1918 0
1919 3
1920 0
1921 15
1922 0
1923 249
1924 255
1925 15
1926 0
1927 3
1928 0
1929 0
1930 0
1931 253
1932 255
1933 0
1934 0
1935 3
1936 0
1937 0
1938 0
1939 249
1940 255
1941 15
1942 0
1943 7
1944 0
1945 0
1946 0
1947 0
1948 0
1949 15
1950 0
1951 253
1952 255
1953 15
1954 0
1955 0
1956 0
1957 31
1958 0
1959 3
1960 0
1961 15
1962 0
1963 0
1964 0
1965 15
1966 0
1967 253
1968 255
1969 0
1970 0
1971 0
1972 0
1973 225
1974 255
1975 0
1976 0
1977 241
1978 255
1979 3
1980 0
1981 241
1982 255
1983 0
1984 0
1985 241
1986 255
1987 253
1988 255
1989 241
1990 255
1991 3
1992 0
1993 225
1994 255
1995 0
1996 0
1997 225
1998 255
1999 0
2000 0
2001 0
2002 0
2003 253
2004 255
2005 0
2006 0
2007 253
2008 255
2009 0
2010 0
2011 0
2012 0
2013 31
2014 0
2015 3
2016 0
2017 15
2018 0
2019 0
2020 0
2021 0
2022 0
2023 3
2024 0
2025 15
2026 0
2027 0
2028 0
2029 241
2030 255
2031 0
2032 0
2033 241
2034 255
2035 0
2036 0
2037 0
2038 0
2039 253
2040 255
2041 0
2042 0
2043 3
2044 0
2045 47
2046 0
2047 0
2048 0
2049 31
2050 0
2051 3
2052 0
2053 31
2054 0
2055 249
2056 255
2057 31
2058 0
2059 3
2060 0
2061 31
2062 0
2063 0
2064 0
2065 31
2066 0
2067 0
2068 0
2069 31
2070 0
2071 0
2072 0
2073 15
2074 0
2075 249
2076 255
2077 31
2078 0
2079 0
2080 0
2081 31
2082 0
2083 0
2084 0
2085 31
2086 0
2087 3
2088 0
2089 31
2090 0
2091 253
2092 255
2093 31
2094 0
2095 3
2096 0
2097 31
2098 0
2099 253
2100 255
2101 47
2102 0
2103 3
2104 0
2105 47
2106 0
2107 253
2108 255
2109 47
2110 0
2111 253
2112 255
2113 47
2114 0
2115 0
2116 0
2117 47
2118 0
2119 3
2120 0
2121 31
2122 0
2123 0
2124 0
2125 15
2126 0
2127 249
2128 255
2129 15
2130 0
2131 3
2132 0
2133 15
2134 0
2135 253
2136 255
2137 15
2138 0
2139 3
2140 0
2141 31
2142 0
2143 3
2144 0
2145 31
2146 0
2147 253
2148 255
2149 31
2150 0
2151 3
2152 0
2153 31
2154 0
2155 253
2156 255
2157 15
2158 0
2159 3
2160 0
2161 31
2162 0
2163 0
2164 0
2165 15
2166 0
2167 253
2168 255
2169 31
2170 0
2171 0
2172 0
2173 15
2174 0
2175 0
2176 0
2177 15
2178 0
2179 253
2180 255
2181 15
2182 0
2183 0
2184 0
2185 15
2186 0
2187 3
2188 0
2189 15
2190 0
2191 0
2192 0
2193 31
2194 0
2195 253
2196 255
2197 31
2198 0
2199 0
2200 0
2201 63
2202 0
2203 3
2204 0
2205 47
2206 0
2207 3
2208 0
2209 79
2210 0
2211 0
2212 0
2213 47
2214 0
2215 253
2216 255
2217 31
2218 0
2219 3
2220 0
2221 15
2222 0
2223 0
2224 0
2225 15
2226 0
2227 0
2228 0
2229 15
2230 0
2231 253
2232 255
2233 0
2234 0
2235 3
2236 0
2237 15
2238 0
2239 253
2240 255
2241 0
2242 0
2243 3
2244 0
2245 15
2246 0
2247 253
2248 255
2249 0
2250 0
2251 3
2252 0
2253 15
2254 0
2255 0
2256 0
2257 31
2258 0
2259 3
2260 0
2261 31
2262 0
2263 0
2264 0
2265 15
2266 0
2267 0
2268 0
2269 0
2270 0
2271 253
2272 255
2273 0
2274 0
2275 0
2276 0
2277 241
2278 255
2279 7
2280 0
2281 0
2282 0
2283 253
2284 255
2285 15
2286 0
2287 3
2288 0
2289 0
2290 0
2291 0
2292 0
2293 15
2294 0
2295 253
2296 255
2297 15
2298 0
2299 7
2300 0
2301 15
2302 0
2303 0
2304 0
2305 15
2306 0
2307 253
2308 255
2309 0
2310 0
2311 7
2312 0
2313 15
2314 0
2315 0
2316 0
2317 15
2318 0
2319 253
2320 255
2321 15
2322 0
2323 3
2324 0
2325 15
2326 0
2327 253
2328 255
2329 0
2330 0
2331 3
2332 0
2333 0
2334 0
2335 0
2336 0
2337 241
2338 255
2339 253
2340 255
2341 225
2342 255
2343 0
2344 0
2345 241
2346 255
2347 0
2348 0
2349 241
2350 255
2351 0
2352 0
2353 0
2354 0
2355 3
2356 0
2357 0
2358 0
2359 0
2360 0
2361 0
2362 0
2363 253
2364 255
2365 0
2366 0
2367 3
2368 0
2369 0
2370 0
2371 253
2372 255
2373 0
2374 0
2375 253
2376 255
2377 15
2378 0
2379 0
2380 0
2381 15
2382 0
2383 0
2384 0
2385 31
2386 0
2387 7
2388 0
2389 31
2390 0
2391 253
2392 255
2393 15
2394 0
2395 0
2396 0
2397 0
2398 0
2399 0
2400 0
2401 0
2402 0
2403 0
2404 0
2405 0
2406 0
2407 0
2408 0
2409 0
2410 0
2411 0
2412 0
2413 15
2414 0
2415 0
2416 0
2417 15
2418 0
2419 3
2420 0
2421 31
2422 0
2423 253
2424 255
2425 31
2426 0
2427 0
2428 0
2429 15
2430 0
2431 0
2432 0
2433 31
2434 0
2435 3
2436 0
2437 15
2438 0
2439 253
2440 255
2441 31
2442 0
2443 0
2444 0
2445 31
2446 0
2447 3
2448 0
2449 15
2450 0
2451 0
2452 0
2453 31
2454 0
2455 253
2456 255
2457 15
2458 0
2459 3
2460 0
2461 15
2462 0
2463 0
2464 0
2465 15
2466 0
2467 253
2468 255
2469 15
2470 0
2471 0
2472 0
2473 15
2474 0
2475 0
2476 0
2477 31
2478 0
2479 0
2480 0
2481 31
2482 0
2483 0
2484 0
2485 31
2486 0
2487 0
2488 0
2489 15
2490 0
2491 0
2492 0
2493 15
2494 0
2495 0
2496 0
2497 31
2498 0
2499 253
2500 255
2501 31
2502 0
2503 0
2504 0
2505 15
2506 0
2507 3
2508 0
2509 31
2510 0
2511 3
2512 0
2513 31
2514 0
2515 253
2516 255
2517 31
2518 0
2519 0
2520 0
2521 15
2522 0
2523 0
2524 0
2525 31
2526 0
2527 249
2528 255
2529 47
2530 0
2531 7
2532 0
2533 63
2534 0
2535 249
2536 255
2537 63
2538 0
2539 3
2540 0
2541 63
2542 0
2543 0
2544 0
2545 63
2546 0
2547 3
2548 0
2549 47
2550 0
2551 253
2552 255
2553 31
2554 0
2555 3
2556 0
2557 31
2558 0
2559 253
2560 255
2561 47
2562 0
2563 0
2564 0
2565 63
2566 0
2567 3
2568 0
2569 79
2570 0
2571 0
2572 0
2573 79
2574 0
2575 253
2576 255
2577 79
2578 0
2579 3
2580 0
2581 63
2582 0
2583 0
2584 0
2585 47
2586 0
2587 0
2588 0
2589 31
2590 0
2591 0
2592 0
2593 31
2594 0
2595 0
2596 0
2597 31
2598 0
2599 0
2600 0
2601 31
2602 0
2603 253
2604 255
2605 31
2606 0
2607 0
2608 0
2609 15
2610 0
2611 0
2612 0
2613 15
2614 0
2615 0
2616 0
2617 15
2618 0
2619 253
2620 255
2621 31
2622 0
2623 0
2624 0
2625 31
2626 0
2627 3
2628 0
2629 31
2630 0
2631 0
2632 0
2633 47
2634 0
2635 253
2636 255
2637 47
2638 0
2639 3
2640 0
2641 31
2642 0
2643 3
2644 0
2645 15
2646 0
2647 253
2648 255
2649 15
2650 0
2651 3
2652 0
2653 15
2654 0
2655 253
2656 255
2657 15
2658 0
2659 3
2660 0
2661 31
2662 0
2663 0
2664 0
2665 31
2666 0
2667 0
2668 0
2669 15
2670 0
2671 0
2672 0
2673 47
2674 0
2675 253
2676 255
2677 47
2678 0
2679 253
2680 255
2681 47
2682 0
2683 0
2684 0
2685 47
2686 0
2687 3
2688 0
2689 63
2690 0
2691 0
2692 0
2693 47
2694 0
2695 0
2696 0
2697 63
2698 0
2699 0
2700 0
2701 31
2702 0
2703 0
2704 0
2705 31
2706 0
2707 0
2708 0
2709 31
2710 0
2711 3
2712 0
2713 31
2714 0
2715 0
2716 0
2717 31
2718 0
2719 0
2720 0
2721 47
2722 0
2723 0
2724 0
2725 47
2726 0
2727 3
2728 0
2729 15
2730 0
2731 0
2732 0
2733 31
2734 0
2735 0
2736 0
2737 31
2738 0
2739 253
2740 255
2741 15
2742 0
2743 0
2744 0
2745 15
2746 0
2747 0
2748 0
2749 15
2750 0
2751 0
2752 0
2753 31
2754 0
2755 0
2756 0
2757 15
2758 0
2759 0
2760 0
2761 15
2762 0
2763 3
2764 0
2765 0
2766 0
2767 0
2768 0
2769 15
2770 0
2771 253
2772 255
2773 0
2774 0
2775 3
2776 0
2777 31
2778 0
2779 253
2780 255
2781 15
2782 0
2783 0
2784 0
2785 15
2786 0
2787 0
2788 0
2789 0
2790 0
2791 3
2792 0
2793 31
2794 0
2795 249
2796 255
2797 15
2798 0
2799 0
2800 0
2801 15
2802 0
2803 0
2804 0
2805 15
2806 0
2807 3
2808 0
2809 31
2810 0
2811 0
2812 0
2813 47
2814 0
2815 3
2816 0
2817 63
2818 0
2819 0
2820 0
2821 63
2822 0
2823 3
2824 0
2825 63
2826 0
2827 253
2828 255
2829 47
2830 0
2831 0
2832 0
2833 63
2834 0
2835 0
2836 0
2837 47
2838 0
2839 0
2840 0
2841 47
2842 0
2843 3
2844 0
2845 47
2846 0
2847 0
2848 0
2849 63
2850 0
2851 253
2852 255
2853 31
2854 0
2855 3
2856 0
2857 31
2858 0
2859 0
2860 0
2861 31
2862 0
2863 0
2864 0
2865 31
2866 0
2867 0
2868 0
2869 47
2870 0
2871 253
2872 255
2873 47
2874 0
2875 0
2876 0
2877 47
2878 0
2879 3
2880 0
2881 47
2882 0
2883 0
2884 0
2885 63
2886 0
2887 253
2888 255
2889 47
2890 0
2891 3
2892 0
2893 31
2894 0
2895 0
2896 0
2897 47
2898 0
2899 0
2900 0
2901 31
2902 0
2903 0
2904 0
2905 31
2906 0
2907 253
2908 255
2909 15
2910 0
2911 0
2912 0
2913 31
2914 0
2915 3
2916 0
2917 15
2918 0
2919 0
2920 0
2921 47
2922 0
2923 3
2924 0
2925 47
2926 0
2927 0
2928 0
2929 63
2930 0
2931 253
2932 255
2933 63
2934 0
2935 0
2936 0
2937 63
2938 0
2939 0
2940 0
2941 63
2942 0
2943 0
2944 0
2945 47
2946 0
2947 0
2948 0
2949 63
2950 0
2951 3
2952 0
2953 31
2954 0
2955 253
2956 255
2957 47
2958 0
2959 0
2960 0
2961 47
2962 0
2963 253
2964 255
2965 63
2966 0
2967 3
2968 0
2969 63
2970 0
2971 253
2972 255
2973 63
2974 0
2975 0
2976 0
2977 63
2978 0
2979 253
2980 255
2981 63
2982 0
2983 3
2984 0
2985 63
2986 0
2987 249
2988 255
2989 63
2990 0
2991 7
2992 0
2993 63
2994 0
2995 253
2996 255
2997 63
2998 0
2999 3
3000 0
3001 63
3002 0
3003 253
3004 255
3005 63
3006 0
3007 3
3008 0
3009 47
3010 0
3011 0
3012 0
3013 31
3014 0
3015 0
3016 0
3017 47
3018 0
3019 0
3020 0
3021 47
3022 0
3023 253
3024 255
3025 63
3026 0
3027 7
3028 0
3029 63
3030 0
3031 0
3032 0
3033 79
3034 0
3035 253
3036 255
3037 47
3038 0
3039 0
3040 0
3041 47
3042 0
3043 3
3044 0
3045 47
3046 0
3047 0
3048 0
3049 47
3050 0
3051 253
3052 255
3053 47
3054 0
3055 3
3056 0
3057 63
3058 0
3059 0
3060 0
3061 63
3062 0
3063 0
3064 0
3065 63
3066 0
3067 0
3068 0
3069 47
3070 0
3071 0
3072 0
3073 63
3074 0
3075 3
3076 0
3077 63
3078 0
3079 3
3080 0
3081 63
3082 0
3083 253
3084 255
3085 47
3086 0
3087 0
3088 0
3089 63
3090 0
3091 0
3092 0
3093 63
3094 0
3095 253
3096 255
3097 79
3098 0
3099 0
3100 0
3101 47
3102 0
3103 0
3104 0
3105 31
3106 0
3107 3
3108 0
3109 63
3110 0
3111 0
3112 0
3113 63
3114 0
3115 0
3116 0
3117 63
3118 0
3119 3
3120 0
3121 63
3122 0
3123 3
3124 0
3125 63
3126 0
3127 253
3128 255
3129 79
3130 0
3131 0
3132 0
3133 63
3134 0
3135 3
3136 0
3137 79
3138 0
3139 253
3140 255
3141 79
3142 0
3143 3
3144 0
3145 79
3146 0
3147 253
3148 255
3149 95
3150 0
3151 3
3152 0
3153 95
3154 0
3155 253
3156 255
3157 63
3158 0
3159 0
3160 0
3161 79
3162 0
3163 7
3164 0
3165 63
3166 0
3167 0
3168 0
3169 63
3170 0
3171 253
3172 255
3173 63
3174 0
3175 3
3176 0
3177 63
3178 0
3179 0
3180 0
3181 79
3182 0
3183 3
3184 0
3185 79
3186 0
3187 253
3188 255
3189 79
3190 0
3191 0
3192 0
3193 79
3194 0
3195 0
3196 0
3197 79
3198 0
3199 0
3200 0
3201 79
3202 0
3203 253
3204 255
3205 79
3206 0
3207 0
3208 0
3209 63
3210 0
3211 0
3212 0
3213 63
3214 0
3215 0
3216 0
3217 47
3218 0
3219 3
3220 0
3221 47
3222 0
3223 0
3224 0
3225 31
3226 0
3227 0
3228 0
3229 63
3230 0
3231 0
3232 0
3233 47
3234 0
3235 0
3236 0
3237 63
3238 0
3239 249
3240 255
3241 63
3242 0
3243 3
3244 0
3245 79
3246 0
3247 0
3248 0
3249 79
3250 0
3251 0
3252 0
3253 79
3254 0
3255 253
3256 255
3257 79
3258 0
3259 3
3260 0
3261 63
3262 0
3263 253
3264 255
3265 79
3266 0
3267 0
3268 0
3269 47
3270 0
3271 3
3272 0
3273 63
3274 0
3275 253
3276 255
3277 47
3278 0
3279 3
3280 0
3281 63
3282 0
3283 253
3284 255
3285 63
3286 0
3287 0
3288 0
3289 79
3290 0
3291 253
3292 255
3293 79
3294 0
3295 3
3296 0
3297 79
3298 0
3299 253
3300 255
3301 95
3302 0
3303 7
3304 0
3305 95
3306 0
3307 253
3308 255
3309 95
3310 0
3311 3
3312 0
3313 79
3314 0
3315 0
3316 0
3317 63
3318 0
3319 253
3320 255
3321 47
3322 0
3323 0
3324 0
3325 47
3326 0
3327 3
3328 0
3329 31
3330 0
3331 0
3332 0
3333 47
3334 0
3335 253
3336 255
3337 63
3338 0
3339 3
3340 0
3341 47
3342 0
3343 0
3344 0
3345 47
3346 0
3347 253
3348 255
3349 63
3350 0
3351 0
3352 0
3353 63
3354 0
3355 3
3356 0
3357 63
3358 0
3359 0
3360 0
3361 79
3362 0
3363 249
3364 255
3365 79
3366 0
3367 3
3368 0
3369 63
3370 0
3371 0
3372 0
3373 63
3374 0
3375 253
3376 255
3377 63
3378 0
3379 3
3380 0
3381 47
3382 0
3383 0
3384 0
3385 47
3386 0
3387 0
3388 0
3389 63
3390 0
3391 253
3392 255
3393 63
3394 0
3395 0
3396 0
3397 63
3398 0
3399 0
3400 0
3401 79
3402 0
3403 0
3404 0
3405 95
3406 0
3407 0
3408 0
3409 95
3410 0
3411 0
3412 0
3413 110
3414 0
3415 0
3416 0
3417 95
3418 0
3419 0
3420 0
3421 79
3422 0
3423 0
3424 0
3425 79
3426 0
3427 253
3428 255
3429 79
3430 0
3431 0
3432 0
3433 63
3434 0
3435 3
3436 0
3437 63
3438 0
3439 253
3440 255
3441 47
3442 0
3443 3
3444 0
3445 79
3446 0
3447 253
3448 255
3449 95
3450 0
3451 3
3452 0
3453 79
3454 0
3455 0
3456 0
3457 95
3458 0
3459 253
3460 255
3461 79
3462 0
3463 7
3464 0
3465 79
3466 0
3467 253
3468 255
3469 63
3470 0
3471 3
3472 0
3473 63
3474 0
3475 253
3476 255
3477 63
3478 0
3479 0
3480 0
3481 79
3482 0
3483 0
3484 0
3485 79
3486 0
3487 0
3488 0
3489 95
3490 0
3491 253
3492 255
3493 95
3494 0
3495 3
3496 0
3497 95
3498 0
3499 253
3500 255
3501 95
3502 0
3503 3
3504 0
3505 110
3506 0
3507 249
3508 255
3509 95
3510 0
3511 3
3512 0
3513 110
3514 0
3515 3
3516 0
3517 95
3518 0
3519 249
3520 255
3521 110
3522 0
3523 0
3524 0
3525 95
3526 0
3527 0
3528 0
3529 63
3530 0
3531 3
3532 0
3533 79
3534 0
3535 0
3536 0
3537 79
3538 0
3539 0
3540 0
3541 79
3542 0
3543 0
3544 0
3545 95
3546 0
3547 253
3548 255
3549 79
3550 0
3551 0
3552 0
3553 95
3554 0
3555 3
3556 0
3557 79
3558 0
3559 3
3560 0
3561 95
3562 0
3563 253
3564 255
3565 95
3566 0
3567 0
3568 0
3569 79
3570 0
3571 0
3572 0
3573 79
3574 0
3575 253
3576 255
3577 79
3578 0
3579 3
3580 0
3581 79
3582 0
3583 253
3584 255
3585 79
3586 0
3587 3
3588 0
3589 79
3590 0
3591 3
3592 0
3593 79
3594 0
3595 0
3596 0
3597 95
3598 0
3599 0
3600 0
3601 79
3602 0
3603 0
3604 0
3605 95
3606 0
3607 0
3608 0
3609 126
3610 0
3611 253
3612 255
3613 126
3614 0
3615 3
3616 0
3617 126
3618 0
3619 3
3620 0
3621 110
3622 0
3623 0
3624 0
3625 110
3626 0
3627 253
3628 255
3629 110
3630 0
3631 0
3632 0
3633 95
3634 0
3635 253
3636 255
3637 95
3638 0
3639 3
3640 0
3641 95
3642 0
3643 0
3644 0
3645 95
3646 0
3647 253
3648 255
3649 79
3650 0
3651 0
3652 0
3653 63
3654 0
3655 0
3656 0
3657 79
3658 0
3659 0
3660 0
3661 79
3662 0
3663 0
3664 0
3665 79
3666 0
3667 0
3668 0
3669 79
3670 0
3671 0
3672 0
3673 95
3674 0
3675 0
3676 0
3677 79
3678 0
3679 0
3680 0
3681 79
3682 0
3683 3
3684 0
3685 79
3686 0
3687 0
3688 0
3689 95
3690 0
3691 253
3692 255
3693 79
3694 0
3695 3
3696 0
3697 63
3698 0
3699 249
3700 255
3701 63
3702 0
3703 3
3704 0
3705 63
3706 0
3707 0
3708 0
3709 63
3710 0
3711 253
3712 255
3713 63
3714 0
3715 3
3716 0
3717 63
3718 0
3719 249
3720 255
3721 95
3722 0
3723 0
3724 0
3725 110
3726 0
3727 7
3728 0
3729 110
3730 0
3731 0
3732 0
3733 110
3734 0
3735 253
3736 255
3737 110
3738 0
3739 3
3740 0
3741 110
3742 0
3743 0
3744 0
3745 110
3746 0
3747 253
3748 255
3749 110
3750 0
3751 3
3752 0
3753 110
3754 0
3755 253
3756 255
3757 95
3758 0
3759 3
3760 0
3761 110
3762 0
3763 253
3764 255
3765 95
3766 0
3767 253
3768 255
3769 79
3770 0
3771 0
3772 0
3773 95
3774 0
3775 3
3776 0
3777 95
3778 0
3779 0
3780 0
3781 95
3782 0
3783 0
3784 0
3785 95
3786 0
3787 253
3788 255
3789 79
3790 0
3791 3
3792 0
3793 95
3794 0
3795 0
3796 0
3797 95
3798 0
3799 253
3800 255
3801 79
3802 0
3803 0
3804 0
3805 79
3806 0
3807 0
3808 0
3809 63
3810 0
3811 3
3812 0
3813 63
3814 0
3815 253
3816 255
3817 79
3818 0
3819 0
3820 0
3821 63
3822 0
3823 0
3824 0
3825 79
3826 0
3827 3
3828 0
3829 79
3830 0
3831 0
3832 0
3833 79
3834 0
3835 0
3836 0
3837 63
3838 0
3839 0
3840 0
3841 79
3842 0
3843 253
3844 255
3845 79
3846 0
3847 3
3848 0
3849 79
3850 0
3851 0
3852 0
3853 95
3854 0
3855 253
3856 255
3857 95
3858 0
3859 7
3860 0
3861 110
3862 0
3863 253
3864 255
3865 95
3866 0
3867 3
3868 0
3869 110
3870 0
3871 253
3872 255
3873 110
3874 0
3875 0
3876 0
3877 126
3878 0
3879 7
3880 0
3881 95
3882 0
3883 253
3884 255
3885 110
3886 0
3887 253
3888 255
3889 110
3890 0
3891 3
3892 0
3893 110
3894 0
3895 253
3896 255
3897 79
3898 0
3899 3
3900 0
3901 95
3902 0
3903 0
3904 0
3905 110
3906 0
3907 0
3908 0
3909 95
3910 0
3911 249
3912 255
3913 110
3914 0
3915 3
3916 0
3917 110
3918 0
3919 0
3920 0
3921 110
3922 0
3923 0
3924 0
3925 110
3926 0
3927 0
3928 0
3929 110
3930 0
3931 3
3932 0
3933 110
3934 0
3935 253
3936 255
3937 110
3938 0
3939 3
3940 0
3941 110
3942 0
3943 249
3944 255
3945 126
3946 0
3947 3
3948 0
3949 110
3950 0
3951 0
3952 0
3953 110
3954 0
3955 253
3956 255
3957 95
3958 0
3959 3
3960 0
3961 95
3962 0
3963 253
3964 255
3965 95
3966 0
3967 0
3968 0
3969 79
3970 0
3971 0
3972 0
3973 126
3974 0
3975 3
3976 0
3977 110
3978 0
3979 0
3980 0
3981 126
3982 0
3983 249
3984 255
3985 126
3986 0
3987 0
3988 0
3989 126
3990 0
3991 0
3992 0
3993 126
3994 0
3995 3
3996 0
3997 126
3998 0
3999 253
4000 255
4001 110
4002 0
4003 0
4004 0
4005 110
4006 0
4007 3
4008 0
4009 110
4010 0
4011 253
4012 255
4013 95
4014 0
4015 253
4016 255
4017 110
4018 0
4019 0
4020 0
4021 126
4022 0
4023 0
4024 0
4025 95
4026 0
4027 253
4028 255
4029 110
4030 0
4031 3
4032 0
4033 126
4034 0
4035 0
4036 0
4037 126
4038 0
4039 253
4040 255
4041 142
4042 0
4043 7
4044 0
4045 142
4046 0
4047 0
4048 0
4049 142
4050 0
4051 0
4052 0
4053 142
4054 0
4055 253
4056 255
4057 142
4058 0
4059 253
4060 255
4061 142
4062 0
4063 3
4064 0
4065 142
4066 0
4067 253
4068 255
4069 110
4070 0
4071 3
4072 0
4073 126
4074 0
4075 0
4076 0
4077 126
4078 0
4079 249
4080 255
4081 110
4082 0
4083 7
4084 0
4085 110
4086 0
4087 253
4088 255
4089 110
4090 0
4091 0
4092 0
4093 126
4094 0
4095 0
4096 0
